DISTRITO,n_individuos,n_diagnostico,pct_diagnostico,pct_depresion,pct_ansiedad,pct_estres,n_hexagons,intensidad_media,cobertura_media,pct_cumple_3,pct_cumple_30,pct_cumple_300m,puntos_media
1,403,92,22.83,0.0,0.0,0.0,63,92.63492063492063,14.349248860421667,100.0,14.285714285714285,100.0,2.142857142857143
2,405,100,24.69,0.0,0.0,0.0,29,86.10344827586206,17.26225885357713,96.55172413793103,17.24137931034483,100.0,2.1379310344827585
3,405,103,25.43,0.0,0.0,0.0,49,49.38775510204081,31.935440160733517,100.0,28.57142857142857,100.0,2.2857142857142856
4,406,92,22.66,0.0,0.0,0.0,85,32.917647058823526,11.767686865549953,96.47058823529412,11.76470588235294,97.6470588235294,2.0588235294117645
5,405,93,22.96,0.0,0.0,0.0,78,46.98717948717949,5.775106883883604,93.58974358974359,2.564102564102564,100.0,1.9615384615384615
6,403,107,26.55,0.0,0.0,0.0,458,24.96288209606987,45.92774729859129,81.87772925764192,47.59825327510917,100.0,2.2947598253275108
7,406,91,22.41,0.0,0.0,0.0,106,50.5188679245283,32.72663366266233,85.84905660377359,38.67924528301887,100.0,2.2452830188679247
8,418,103,24.64,0.0,0.0,0.0,1619,0.6349598517603459,85.01408914012467,87.02903026559605,87.83199505867819,99.93823347745521,2.747992588017295
9,409,110,26.89,0.0,0.0,0.0,177,9.045197740112995,67.4150284719548,70.62146892655367,70.62146892655367,94.35028248587571,2.3559322033898304
10,425,110,25.88,0.0,0.0,0.0,253,9.4901185770751,17.02911201376316,51.77865612648221,20.55335968379447,100.0,1.7233201581027668
11,438,150,34.25,0.0,0.0,0.0,69,10.478260869565217,28.208233901552568,76.81159420289855,31.88405797101449,100.0,2.0869565217391304
12,407,107,26.29,0.0,0.0,0.0,41,28.0,23.01286098910313,87.8048780487805,26.82926829268293,100.0,2.1463414634146343
13,434,124,28.8,0.0,0.0,0.0,103,11.912621359223301,26.818868601212962,48.54368932038835,30.097087378640776,100.0,1.7864077669902914
14,411,126,30.66,0.0,0.0,0.0,87,45.01149425287356,22.616509646495153,85.0574712643678,25.287356321839084,100.0,2.103448275862069
15,417,118,28.3,0.0,0.0,0.0,138,22.615942028985508,12.35264644682045,82.6086956521739,12.318840579710146,100.0,1.9492753623188406
16,408,103,25.25,0.0,0.0,0.0,603,8.961857379767828,64.44309347888534,79.60199004975125,66.50082918739635,100.0,2.461028192371476
17,406,143,35.22,0.0,0.0,0.0,199,34.221105527638194,16.508514780141997,51.256281407035175,18.592964824120603,94.9748743718593,1.6482412060301508
18,405,123,30.37,0.0,0.0,0.0,442,14.024886877828054,24.216076349239437,33.93665158371041,26.923076923076923,76.69683257918552,1.3755656108597285
19,406,111,27.34,0.0,0.0,0.0,281,30.22064056939502,14.0800059409254,49.46619217081851,18.505338078291814,85.05338078291815,1.5302491103202847
20,405,114,28.15,0.0,0.0,0.0,295,10.616949152542373,13.907739589718952,38.983050847457626,15.593220338983052,90.16949152542372,1.4474576271186441
21,403,106,26.3,0.0,0.0,0.0,391,1.3069053708439897,19.599092007731223,24.55242966751918,28.388746803069054,93.60613810741688,1.4654731457800512
